aps_list:
[0.51718766333801,
 0.6647817116447965,
 0.7455721300651977,
 0.7939196995956095,
 0.8243387389617892,
 0.8437767186597344,
 0.8526458694396303,
 0.8565135759676487,
 0.8560990756787985,
 0.8518240901213171,
 0.8467417677642982,
 0.8343212016175621,
 0.8219020797227037,
 0.8032351242056613,
 0.7814991334488735,
 0.7520363951473137,
 0.7119584055459273,
 0.6513431542461006,
 0.5499133448873483,
 0.0]

 train_loss:
 [0.2821939431958728,
 0.2034253211485015,
 0.17995403905709584,
 0.16177725576692156,
 0.14865547120571138,
 0.13814959608846242,
 0.1298221098879973,
 0.12348070293664933,
 0.11756876806418101,
 0.11331243970327907,
 0.10883468687534333,
 0.1058123706943459,
 0.10235496287544568,
 0.09987050791581471,
 0.09664542112085554,
 0.09959274778763454,
 0.09733602984084024,
 0.09542249830232727,
 0.09390494070119328,
 0.09254552895824114,
 0.09098364611466726,
 0.08935208751095666,
 0.08771623190906312,
 0.08576351073053148,
 0.08488317628701528,
 0.08345304114951027,
 0.08255692666603459,
 0.082209735777643,
 0.08083863697118229,
 0.07934352142943277,
 0.0794874745938513,
 0.07875791783961984,
 0.07740491322345204,
 0.07587505148516761,
 0.07570828948583867,
 0.07437232327130106,
 0.07352717001405028,
 0.07275757135616409,
 0.07218986542688476,
 0.07174475205441316,
 0.06982659904493226,
 0.06977791802750694,
 0.0688474574436744,
 0.06810211348864767,
 0.0674984198063612]


 val_list:
 [4.2903712916452,
 3.7370771106403553,
 3.339795672891477,
 3.0441930588426285,
 2.82942855732764,
 2.6488753706447126,
 2.5036938402142166,
 2.3927708658057556,
 2.296887992113373,
 2.2277874023710025,
 2.1610523297904223,
 2.1020337196021233,
 2.0476577486263894,
 2.009830058859567,
 1.9807033339010243,
 1.995265863082181,
 1.9585142035716059,
 1.934101747397846,
 1.9023215313373758,
 1.8820057088886977,
 1.8648709574454883,
 1.838285617477886,
 1.8207603833242603,
 1.8074730413385465,
 1.787463235830536,
 1.771331308880111,
 1.7645317037019987,
 1.754640504868809,
 1.734123507746507,
 1.7193381564837846,
 1.6948364653498083,
 1.684969352238698,
 1.6684855219221761,
 1.6565902332618394,
 1.6559316761895346,
 1.6475824928971556,
 1.6416246970044202,
 1.6311364466231364,
 1.6220732041492754,
 1.6186089532882635,
 1.6158015942135444,
 1.604876217390896,
 1.6079413446593116,
 1.5981761258266318,
 1.5919636040644487]